0 211.3498229980469 197.9024963378906 -43.8333625793457 1.067520013176688
0 192.6753311157227 215.0498580932617 1.544401466846466 0.5337600065883441
1 192.6753311157227 215.0498580932617 1.544401466846466 0.5337600065883441
1 195.9660203963812 223.5174807837186 2.185836512038756 0.5337600065883441
2 195.9660203963812 223.5174807837186 2.185836512038756 0.5337600065883441
2 192.4228591918945 221.3900833129883 3.570067048072815 0.5337600065883441
3 192.4228591918945 221.3900833129883 3.570067048072815 0.5337600065883441
3 201.6458511352539 218.7411575317383 9.939079284667969 0.5337600065883441
4 201.6458511352539 218.7411575317383 9.939079284667969 0.5337600065883441
4 218.9844436645508 191.2115249633789 31.32149124145508 0.5337600065883441
5 224.7041397094727 214.9407424926758 17.4029369354248 0.5337600065883441
5 223.9801864624023 203.1643905639648 31.6752290725708 0.5337600065883441
6 223.9801864624023 203.1643905639648 31.6752290725708 0.5337600065883441
6 219.6521835327148 185.8915023803711 40.11906051635742 0.5337600065883441
7 219.6521835327148 185.8915023803711 40.11906051635742 0.5337600065883441
7 228.2503433227539 187.3225021362305 40.25236892700195 0.5337600065883441
8 228.2503433227539 187.3225021362305 40.25236892700195 0.5337600065883441
8 242.1420822143555 186.5708084106445 52.83919906616211 0.5337600065883441
9 228.2503433227539 187.3225021362305 40.25236892700195 0.5337600065883441
9 230.0657730102539 184.0857467651367 40.26377487182617 0.5337600065883441
10 232.1541366577148 180.7894668579102 41.54246520996094 0.5337600065883441
10 230.0657730102539 184.0857467651367 40.26377487182617 0.5337600065883441
11 232.1541366577148 180.7894668579102 41.54246520996094 0.5337600065883441
11 233.7476272583008 178.9528274536133 43.24774932861328 0.5337600065883441
12 233.7476272583008 178.9528274536133 43.24774932861328 0.5337600065883441
12 236.0462875366211 178.669303894043 44.90591430664062 0.5337600065883441
13 238.6001358032227 178.2815322875977 46.26687240600586 0.5337600065883441
13 236.0462875366211 178.669303894043 44.90591430664062 0.5337600065883441
14 238.6001358032227 178.2815322875977 46.26687240600586 0.5337600065883441
14 241.336067199707 177.4050674438477 46.99190902709961 0.5337600065883441
15 241.336067199707 177.4050674438477 46.99190902709961 0.5337600065883441
15 235.4054323294447 172.8763678572116 66.53527074811295 0.5337600065883441
16 235.4054323294447 172.8763678572116 66.53527074811295 0.5337600065883441
16 221.2888218470737 168.9267897464719 61.33516443863467 0.5337600065883441
17 218.9844436645508 191.2115249633789 31.32149124145508 0.5337600065883441
17 224.7319259643555 186.7800827026367 38.23604965209961 0.5337600065883441
18 224.7319259643555 186.7800827026367 38.23604965209961 0.5337600065883441
18 228.5017318725586 181.3410720825195 38.93966293334961 0.5337600065883441
19 228.5017318725586 181.3410720825195 38.93966293334961 0.5337600065883441
19 230.5205459594727 178.210823059082 40.19190979003906 0.5337600065883441
20 230.5205459594727 178.210823059082 40.19190979003906 0.5337600065883441
20 233.6993789672852 175.8205947875977 44.38150405883789 0.5337600065883441
21 237.833610534668 175.2666244506836 45.12932205200195 0.5337600065883441
21 233.6993789672852 175.8205947875977 44.38150405883789 0.5337600065883441
22 233.6993789672852 175.8205947875977 44.38150405883789 0.5337600065883441
22 229.6386642456055 164.9564590454102 50.63436508178711 0.5337600065883441
23 237.833610534668 175.2666244506836 45.12932205200195 0.5337600065883441
23 232.1567611694336 152.0809707641602 48.23960494995117 0.5337600065883441
24 232.1567611694336 152.0809707641602 48.23960494995117 0.5337600065883441
24 213.3296737670898 142.7172622680664 63.7286376953125 0.5337600065883441
25 232.1567611694336 152.0809707641602 48.23960494995117 0.5337600065883441
25 238.6339569091797 142.7426147460938 44.55757522583008 0.5337600065883441
26 238.6339569091797 142.7426147460938 44.55757522583008 0.5337600065883441
26 223.5592269897461 125.7519264221191 53.62428665161133 0.5337600065883441
27 217.6371383666992 221.2916946411133 16.95776748657227 0.5337600065883441
27 222.7537460327148 226.0933151245117 18.44649505615234 0.5337600065883441
28 222.7537460327148 226.0933151245117 18.44649505615234 0.5337600065883441
28 220.8047256469727 229.452278137207 22.25787162780762 0.5337600065883441
29 220.8047256469727 229.452278137207 22.25787162780762 0.5337600065883441
29 213.0469554930447 228.8115437720487 25.28886409174178 0.5337600065883441
30 213.0469554930447 228.8115437720487 25.28886409174178 0.5337600065883441
30 217.2961807250977 228.4653854370117 20.86244583129883 0.5337600065883441
31 213.0469554930447 228.8115437720487 25.28886409174178 0.5337600065883441
31 222.4477157592773 240.47412109375 27.52180862426758 0.5337600065883441
32 238.6339569091797 142.7426147460938 44.55757522583008 0.5337600065883441
32 236.7461318969727 133.9051284790039 39.89248275756836 0.5337600065883441
33 222.7537460327148 226.0933151245117 18.44649505615234 0.5337600065883441
33 226.7460403442383 223.5657272338867 19.3430347442627 0.5337600065883441
34 226.7460403442383 223.5657272338867 19.3430347442627 0.5337600065883441
34 226.881684162717 219.9120733226443 21.4339024171265 0.5337600065883441
35 226.881684162717 219.9120733226443 21.4339024171265 0.5337600065883441
35 223.914931201426 220.8827249807777 29.10915122159149 0.5337600065883441
36 223.914931201426 220.8827249807777 29.10915122159149 0.5337600065883441
36 231.3876876831055 223.7661361694336 62.61515808105469 0.5337600065883441
37 226.881684162717 219.9120733226443 21.4339024171265 0.5337600065883441
37 227.0002365112305 210.482307434082 28.97579002380371 0.5337600065883441
38 223.1659622192383 206.1230392456055 38.0410041809082 0.5337600065883441
38 227.0002365112305 210.482307434082 28.97579002380371 0.5337600065883441
39 230.584831237793 198.7068710327148 37.31030654907227 0.5337600065883441
39 223.1659622192383 206.1230392456055 38.0410041809082 0.5337600065883441
40 230.584831237793 198.7068710327148 37.31030654907227 0.5337600065883441
40 223.1321792602539 189.792594909668 62.08411407470703 0.5337600065883441
41 228.528694152832 216.7010879516602 27.41860198974609 0.5337600065883441
41 223.9844589233398 214.4478225708008 36.14947128295898 0.5337600065883441
42 223.914931201426 220.8827249807777 29.10915122159149 0.5337600065883441
42 223.9844589233398 214.4478225708008 36.14947128295898 0.5337600065883441
43 214.148551940918 221.8539657592773 15.84256553649902 0.5337600065883441
43 218.8122024536133 226.6089553833008 12.58341217041016 0.5337600065883441
44 218.8122024536133 226.6089553833008 12.58341217041016 0.5337600065883441
44 224.9585342407227 224.792594909668 16.03523254394531 0.5337600065883441
45 224.9585342407227 224.792594909668 16.03523254394531 0.5337600065883441
45 227.1307754516602 218.8087692260742 18.01879501342773 0.5337600065883441
46 227.1307754516602 218.8087692260742 18.01879501342773 0.5337600065883441
46 226.1526412963867 207.7773818969727 22.83934593200684 0.5337600065883441
47 226.1526412963867 207.7773818969727 22.83934593200684 0.5337600065883441
47 234.2964248657227 179.1709671020508 25.62411689758301 0.5337600065883441
48 194.0456008911133 217.9625854492188 7.838079452514648 0.5337600065883441
48 190.1446503565472 201.1251035273037 11.17818129203512 0.5337600065883441
